Botão: Like Positivo

<div data-svg-wrapper>
  <svg width="39" height="39" viewBox="0 0 39 39" fill="none" xmlns="http://www.w3.org/2000/svg">
  <rect x="0.25" y="0.25" width="38" height="38" rx="8" stroke="#D8E0F0" stroke-width="0.5"/>
  <path d="M29.2488 21.5942C29.2264 20.9976 28.9265 20.4913 28.4371 20.1722C28.8082 19.7955 28.901 19.3045 28.8354 18.8846C28.7114 18.0896 27.9796 17.2443 26.8672 17.2443H22.4468C22.3205 17.2443 22.3045 17.2027 22.2949 17.1803C22.2133 16.9803 22.3757 16.4285 22.9915 15.8303C23.9208 14.929 24.0456 13.7469 24.0456 12.7088C24.0456 11.43 23.3154 10.3543 22.2685 10.092C21.907 10.0016 21.5559 10.068 21.2512 10.2839C20.625 10.7262 20.3235 11.7083 20.2499 12.4801C20.1651 13.3702 19.3278 14.1084 18.436 14.773C17.4411 15.5128 16.7397 16.7444 16.2271 17.6433L16.1543 17.7705C15.7544 18.4735 15.1666 18.8446 14.454 18.8446C14.2333 18.8446 14.0541 19.0237 14.0541 19.2445C14.0541 19.4652 14.2333 19.6444 14.454 19.6444C15.4561 19.6444 16.3063 19.1197 16.8493 18.1673L16.9221 18.0393C17.3987 17.202 18.053 16.0543 18.9135 15.4145C19.954 14.6387 20.9313 13.7558 21.0465 12.5554C21.1152 11.8308 21.3896 11.1654 21.7127 10.9366C21.8278 10.8542 21.9382 10.8335 22.075 10.8671C22.7635 11.0406 23.2458 11.7972 23.2458 12.7089C23.2458 13.623 23.1475 14.5643 22.4341 15.2561C21.6567 16.0103 21.3104 16.8837 21.5527 17.4811C21.6959 17.8338 22.0294 18.0441 22.4461 18.0441H26.8655C27.5093 18.0441 27.97 18.5343 28.0436 19.0078C28.106 19.4109 27.8844 19.7148 27.4182 19.8635C27.2438 19.9203 27.1287 20.0875 27.1407 20.2706C27.1519 20.4538 27.287 20.6049 27.4678 20.6385C28.0636 20.7465 28.4299 21.1152 28.4475 21.623C28.4627 22.0421 28.2187 22.5324 27.6397 22.6827C27.4782 22.7251 27.359 22.8626 27.3422 23.0282C27.3238 23.1937 27.411 23.3529 27.5605 23.4281C28.0404 23.668 28.1467 24.2487 27.9724 24.6709C27.8893 24.8741 27.6181 25.3235 26.9151 25.0916C26.7176 25.0228 26.5065 25.122 26.4241 25.3107C26.3417 25.5003 26.4161 25.721 26.5968 25.821C27.2102 26.16 27.3262 26.6727 27.2391 27.0086C27.1359 27.4085 26.7632 27.6468 26.2418 27.6468H16.052C14.9243 27.6468 14.8555 26.6455 14.8531 26.4432C14.8524 26.2241 14.6732 26.0457 14.4533 26.0457C14.2326 26.0457 14.0534 26.2248 14.0534 26.4456C14.0534 27.1374 14.4709 28.4466 16.052 28.4466H26.2417C27.1239 28.4466 27.8197 27.9612 28.0148 27.2094C28.134 26.7503 28.0452 26.2769 27.7916 25.8706C28.2315 25.7171 28.5514 25.3707 28.7138 24.9756C28.9465 24.4102 28.8897 23.6816 28.477 23.1618C28.9721 22.8082 29.2712 22.23 29.2488 21.5942Z" fill="#7D8592"/>
  <path d="M13.6487 18.0448H10.4497C9.78825 18.0448 9.25 18.5831 9.25 19.2445V27.2421C9.25 27.9035 9.78825 28.4417 10.4497 28.4417H13.6487C14.3101 28.4417 14.8483 27.9035 14.8483 27.2421V19.2445C14.8483 18.5831 14.3101 18.0448 13.6487 18.0448ZM14.0486 27.2421C14.0486 27.462 13.8695 27.642 13.6487 27.642H10.4497C10.2289 27.642 10.0498 27.462 10.0498 27.2421V19.2445C10.0498 19.0237 10.2289 18.8446 10.4497 18.8446H13.6487C13.8694 18.8446 14.0486 19.0237 14.0486 19.2445V27.2421Z" fill="#7D8592"/>
  <path d="M12.0492 24.4429C11.3878 24.4429 10.8495 24.9812 10.8495 25.6426C10.8495 26.304 11.3878 26.8422 12.0492 26.8422C12.7106 26.8422 13.2488 26.304 13.2488 25.6426C13.2488 24.9812 12.7106 24.4429 12.0492 24.4429ZM12.0492 26.0424C11.8284 26.0424 11.6493 25.8625 11.6493 25.6425C11.6493 25.4226 11.8284 25.2426 12.0492 25.2426C12.2699 25.2426 12.449 25.4226 12.449 25.6426C12.449 25.8625 12.2699 26.0424 12.0492 26.0424Z" fill="#7D8592"/>
  </svg>
</div>

Botão: Like Negativo

<div data-svg-wrapper>
  <svg width="38" height="38" viewBox="0 0 38 38" fill="none" xmlns="http://www.w3.org/2000/svg">
  <rect width="38" height="38" rx="8" fill="#FF0004" fill-opacity="0.05"/>
  <path d="M9.00117 16.6558C9.02355 17.2524 9.32346 17.7587 9.81292 18.0778C9.44185 18.4545 9.34904 18.9455 9.41462 19.3654C9.5386 20.1604 10.2704 21.0057 11.3828 21.0057H15.8032C15.9295 21.0057 15.9455 21.0473 15.9551 21.0697C16.0367 21.2697 15.8743 21.8215 15.2585 22.4197C14.3292 23.321 14.2044 24.5031 14.2044 25.5412C14.2044 26.82 14.9346 27.8957 15.9815 28.158C16.343 28.2484 16.6941 28.182 16.9988 27.9661C17.625 27.5238 17.9265 26.5417 18.0001 25.7699C18.0849 24.8798 18.9222 24.1416 19.814 23.477C20.8089 22.7372 21.5103 21.5056 22.0229 20.6067L22.0957 20.4795C22.4956 19.7765 23.0834 19.4054 23.796 19.4054C24.0167 19.4054 24.1959 19.2263 24.1959 19.0055C24.1959 18.7848 24.0167 18.6056 23.796 18.6056C22.7939 18.6056 21.9437 19.1303 21.4007 20.0827L21.3279 20.2107C20.8513 21.048 20.197 22.1957 19.3365 22.8355C18.296 23.6113 17.3187 24.4942 17.2035 25.6946C17.1348 26.4192 16.8604 27.0846 16.5373 27.3134C16.4222 27.3958 16.3118 27.4165 16.175 27.3829C15.4865 27.2094 15.0042 26.4528 15.0042 25.5411C15.0042 24.627 15.1025 23.6857 15.8159 22.9939C16.5933 22.2397 16.9396 21.3663 16.6973 20.7689C16.5541 20.4162 16.2206 20.2059 15.8039 20.2059H11.3845C10.7407 20.2059 10.28 19.7157 10.2064 19.2422C10.144 18.8391 10.3656 18.5352 10.8318 18.3865C11.0062 18.3297 11.1213 18.1625 11.1093 17.9794C11.0981 17.7962 10.963 17.6451 10.7822 17.6115C10.1864 17.5035 9.82011 17.1348 9.80253 16.627C9.78734 16.2079 10.0313 15.7176 10.6103 15.5673C10.7718 15.5249 10.891 15.3874 10.9078 15.2218C10.9262 15.0563 10.839 14.8971 10.6895 14.8219C10.2096 14.582 10.1033 14.0013 10.2776 13.5791C10.3607 13.3759 10.6319 12.9265 11.3349 13.1584C11.5324 13.2272 11.7435 13.128 11.8259 12.9393C11.9083 12.7497 11.8339 12.529 11.6532 12.429C11.0398 12.09 10.9238 11.5773 11.0109 11.2414C11.1141 10.8415 11.4868 10.6032 12.0082 10.6032H22.198C23.3257 10.6032 23.3945 11.6045 23.3969 11.8068C23.3976 12.0259 23.5768 12.2043 23.7967 12.2043C24.0174 12.2043 24.1966 12.0252 24.1966 11.8044C24.1966 11.1126 23.7791 9.80338 22.198 9.80338H12.0083C11.1261 9.80338 10.4303 10.2888 10.2352 11.0406C10.116 11.4997 10.2048 11.9731 10.4584 12.3794C10.0185 12.5329 9.69859 12.8793 9.53622 13.2744C9.3035 13.8398 9.36025 14.5684 9.77296 15.0882C9.27787 15.4418 8.97879 16.02 9.00117 16.6558Z" fill="#C1253A"/>
  <path d="M24.6013 20.2052H27.8003C28.4618 20.2052 29 19.6669 29 19.0055V11.0079C29 10.3465 28.4618 9.80827 27.8003 9.80827H24.6013C23.9399 9.80827 23.4017 10.3465 23.4017 11.0079V19.0055C23.4017 19.6669 23.9399 20.2052 24.6013 20.2052ZM24.2014 11.0079C24.2014 10.788 24.3805 10.608 24.6013 10.608H27.8003C28.0211 10.608 28.2002 10.788 28.2002 11.0079V19.0055C28.2002 19.2263 28.0211 19.4054 27.8003 19.4054H24.6013C24.3806 19.4054 24.2014 19.2263 24.2014 19.0055V11.0079Z" fill="#C1253A"/>
  <path d="M26.2008 13.8071C26.8622 13.8071 27.4005 13.2688 27.4005 12.6074C27.4005 11.946 26.8622 11.4078 26.2008 11.4078C25.5394 11.4078 25.0012 11.946 25.0012 12.6074C25.0012 13.2688 25.5394 13.8071 26.2008 13.8071ZM26.2008 12.2076C26.4216 12.2076 26.6007 12.3875 26.6007 12.6075C26.6007 12.8274 26.4216 13.0074 26.2008 13.0074C25.9801 13.0074 25.801 12.8274 25.801 12.6074C25.801 12.3875 25.9801 12.2076 26.2008 12.2076Z" fill="#C1253A"/>
  </svg>
</div>