Icone do contêiner "Valor do produto":
<svg xmlns="http://www.w3.org/2000/svg" width="24" height="20" viewBox="0 0 24 20" fill="none">
  <path d="M22.3779 3.08362H20.2376H18.198H16.8398V1.63364C16.8398 0.734654 16.1152 0 15.2178 0H8.77745C7.88482 0 7.15537 0.729821 7.15537 1.63364V3.08362H5.79724H3.75765H1.62208C0.724655 3.08362 0 3.81344 0 4.71242V18.3664C0 19.2653 0.724655 20 1.62208 20H3.76245H5.80204H18.198H20.2376H22.3779C23.2705 20 24 19.2702 24 18.3664V4.71242C23.9952 3.81344 23.2705 3.08362 22.3779 3.08362ZM7.64007 4.05027H16.3599H17.7181V19.0333H6.27714V4.05027H7.64007ZM8.11998 1.63364C8.11998 1.26631 8.41752 0.966651 8.78224 0.966651H15.2226C15.5873 0.966651 15.8848 1.26631 15.8848 1.63364V3.08362H8.11998V1.63364ZM0.959808 18.3664V4.71242C0.959808 4.34509 1.25735 4.04543 1.62208 4.04543L5.79724 4.05027V11.798V19.0333L1.62208 19.0285C1.25735 19.0333 0.959808 18.7337 0.959808 18.3664ZM5.79724 19.0333V11.798V4.05027H5.31734V19.0333H5.79724ZM18.6779 19.0333V4.05027H18.198V19.0333H18.6779ZM23.0354 18.3664C23.0354 18.7337 22.7379 19.0333 22.3731 19.0333H18.198V4.05027H22.3731C22.7379 4.05027 23.0354 4.34993 23.0354 4.71725V18.3664Z" fill="#3A3F51"/>
</svg>

Icone do contêiner "Prolabore":
<svg xmlns="http://www.w3.org/2000/svg" width="20" height="20" viewBox="0 0 20 20" fill="none">
  <path d="M10 5.71428C10.5198 5.67238 11.0353 5.8359 11.4359 6.16974C11.8365 6.50359 12.0903 6.98116 12.1429 7.5C12.1429 7.68944 12.2181 7.87112 12.3521 8.00507C12.486 8.13903 12.6677 8.21428 12.8571 8.21428C13.0466 8.21428 13.2283 8.13903 13.3622 8.00507C13.4962 7.87112 13.5714 7.68944 13.5714 7.5C13.5375 6.72409 13.2333 5.98448 12.7115 5.40921C12.1897 4.83395 11.4832 4.45925 10.7143 4.35V3.57143C10.7143 3.38199 10.639 3.20031 10.5051 3.06635C10.3711 2.9324 10.1894 2.85714 10 2.85714C9.81056 2.85714 9.62888 2.9324 9.49493 3.06635C9.36097 3.20031 9.28572 3.38199 9.28572 3.57143V4.35C8.51679 4.45925 7.81028 4.83395 7.28849 5.40921C6.76671 5.98448 6.46252 6.72409 6.42857 7.5C6.42857 9.7 8.96429 10.4429 9.8 10.6857C12.0429 11.3429 12.1429 11.7357 12.1429 12.5C12.0903 13.0188 11.8365 13.4964 11.4359 13.8303C11.0353 14.1641 10.5198 14.3276 10 14.2857C9.4802 14.3276 8.96469 14.1641 8.56407 13.8303C8.16346 13.4964 7.90966 13.0188 7.85715 12.5C7.85715 12.3106 7.78189 12.1289 7.64794 11.9949C7.51398 11.861 7.3323 11.7857 7.14286 11.7857C6.95342 11.7857 6.77174 11.861 6.63778 11.9949C6.50383 12.1289 6.42857 12.3106 6.42857 12.5C6.46252 13.2759 6.76671 14.0155 7.28849 14.5908C7.81028 15.166 8.51679 15.5407 9.28572 15.65V16.4286C9.28572 16.618 9.36097 16.7997 9.49493 16.9336C9.62888 17.0676 9.81056 17.1429 10 17.1429C10.1894 17.1429 10.3711 17.0676 10.5051 16.9336C10.639 16.7997 10.7143 16.618 10.7143 16.4286V15.65C11.4832 15.5407 12.1897 15.166 12.7115 14.5908C13.2333 14.0155 13.5375 13.2759 13.5714 12.5C13.5714 10.4571 12.1429 9.87143 10.2 9.28571C8.1 8.7 7.85715 7.98571 7.85715 7.5C7.90966 6.98116 8.16346 6.50359 8.56407 6.16974C8.96469 5.8359 9.4802 5.67238 10 5.71428Z" fill="#FCFCFC"/>
  <path d="M10 0C8.02219 0 6.08879 0.58649 4.4443 1.6853C2.79981 2.78412 1.51809 4.3459 0.761209 6.17316C0.00433288 8.00043 -0.1937 10.0111 0.192152 11.9509C0.578004 13.8907 1.53041 15.6725 2.92894 17.0711C4.32746 18.4696 6.10929 19.422 8.0491 19.8078C9.98891 20.1937 11.9996 19.9957 13.8268 19.2388C15.6541 18.4819 17.2159 17.2002 18.3147 15.5557C19.4135 13.9112 20 11.9778 20 10C20 7.34783 18.9464 4.80429 17.0711 2.92893C15.1957 1.05357 12.6522 0 10 0ZM10 18.5714C8.30473 18.5714 6.64754 18.0687 5.23797 17.1269C3.82841 16.185 2.72979 14.8464 2.08104 13.2801C1.43229 11.7139 1.26254 9.99049 1.59327 8.3278C1.924 6.6651 2.74035 5.13782 3.93909 3.93908C5.13782 2.74035 6.66511 1.924 8.3278 1.59327C9.99049 1.26254 11.7139 1.43228 13.2801 2.08103C14.8464 2.72978 16.185 3.8284 17.1269 5.23797C18.0687 6.64753 18.5714 8.30473 18.5714 10C18.5714 12.2733 17.6684 14.4535 16.0609 16.0609C14.4535 17.6684 12.2733 18.5714 10 18.5714Z" fill="#FCFCFC"/>
</svg>

Icone do contêiner "Êxito":
<svg xmlns="http://www.w3.org/2000/svg" width="16" height="20" viewBox="0 0 16 20" fill="none">
  <path d="M11.286 4.37973C11.2925 4.37269 11.2991 4.3657 11.3055 4.35871C11.7008 3.93355 11.3978 3.24219 10.8171 3.24219H4.41727C3.83656 3.24219 3.53359 3.93355 3.92875 4.35871L3.94832 4.37973C4.54254 5.015 6.77918 6.90234 6.80797 6.92703C7.27367 7.32645 7.96066 7.32645 8.42633 6.92703C8.45516 6.90231 10.6918 5.015 11.286 4.37973Z" fill="#FCFCFC"/>
  <path d="M10.669 9.41027C10.8552 9.24828 11.0682 9.06926 11.2937 8.87969C12.9568 7.48172 15.2344 5.56715 15.2344 3.55469V2.34375C15.2344 1.05141 14.183 0 12.8906 0H2.34375C1.05141 0 0 1.05141 0 2.34375V3.55469C0 5.56715 2.27762 7.48172 3.94066 8.87969C4.16613 9.06926 4.3791 9.24828 4.56531 9.41023C4.74227 9.56422 4.84375 9.77914 4.84375 10C4.84375 10.2209 4.74227 10.4358 4.56535 10.5897C4.37914 10.7517 4.16613 10.9307 3.94066 11.1203C2.27762 12.5183 0 14.4329 0 16.4453V17.6562C0 18.9486 1.05141 20 2.34375 20H12.8906C14.183 20 15.2344 18.9486 15.2344 17.6562C15.2344 17.2248 14.8846 16.875 14.4531 16.875C14.0216 16.875 13.6719 17.2248 13.6719 17.6562C13.6719 18.087 13.3214 18.4375 12.8906 18.4375H2.34375C1.91297 18.4375 1.5625 18.087 1.5625 17.6562V16.4453C1.5625 15.1606 3.68059 13.3802 4.94609 12.3163C5.17676 12.1224 5.39473 11.9392 5.5909 11.7685C6.1091 11.3177 6.40625 10.6731 6.40625 10C6.40625 9.32691 6.1091 8.68234 5.5909 8.23145C5.39469 8.06074 5.17676 7.87758 4.94609 7.68363C3.68059 6.61984 1.5625 4.83938 1.5625 3.55469V2.34375C1.5625 1.91297 1.91297 1.5625 2.34375 1.5625H12.8906C13.3214 1.5625 13.6719 1.91297 13.6719 2.34375V3.55469C13.6719 4.83938 11.5538 6.61984 10.2883 7.68367C10.0576 7.87758 9.83965 8.06078 9.64344 8.23152C9.12527 8.68234 8.82812 9.32695 8.82812 10C8.82812 10.6732 9.12527 11.3177 9.64348 11.7685C9.84797 11.9464 10.0758 12.1371 10.3171 12.3391C11.0771 12.9752 11.9386 13.6963 12.6185 14.4635C12.9046 14.7864 13.3984 14.8161 13.7213 14.53C14.0442 14.2438 14.074 13.75 13.7878 13.4271C13.0307 12.5729 12.0821 11.7789 11.32 11.1409C11.0846 10.9439 10.8623 10.7579 10.669 10.5897C10.4921 10.4358 10.3906 10.2209 10.3906 10C10.3906 9.77914 10.4921 9.56418 10.669 9.41027Z" fill="#FCFCFC"/>
</svg>